 9780439472289
 9780134598628
 9780596516178
 9780439472265
 9781521367704
 9780321721334
 9780439738613
 9781449372651
 9781452145693
 9781781259597
 9780060560157
 9781250065322
 9780321584106
 9780545017602
 9781491926017
 9780763654726
 9780545782319
 9780062306944
 9781934356364
 9781934356364
 9781595146335
 9780545108553
 9781938248016
 9780062306944
 9781680502510
 9780134657677
 9781593275273
 9780321714633
 9781416913894
 9781501162244
 9780134456478
 9780590189231
 9780763692377
 9780062467492
 9780152054786
 9780763694524
 9781480860742
 9781442485044
 9780439579155
 9781424554089
 9781527205321
 9781421597386
 9780312551513
 9780692095058
 9781934583357
 9780060007942
 9781250133380
 9781533662750
 9780142401941
