0439472288
0134598628
0596516177
0439472261
1521367701
0321721330
043973861X
1449372651
1452145695
1781259593
0060560150
1250065321
0321584104
0545017602
1491926015
0763654728
0545782317
0062306944
1934356360
1934356360
1595146334
0545108551
1938248015
0062306944
1680502514
0134657675
1593275277
0321714636
1416913890
1501162241
0134456475
0590189239
0763692379
0062467492
0152054782
0763694525
1480860743
1442485043
0439579155
142455408X
1527205320
1421597381
0312551517
0692095055
1934583359
006000794X
1250133386
1533662754
0142401943
