 9781593276034
 9781974431472
 9781449355739
 9781549776670
 9781593275990
 9781491957660
 9781449357016
 9781491946008
 9781617294433
 9781449359362
 9781775093305
 9781530051120
 9780134034287
 9781521155486
 9781491919538
 9780134692883
 9781449340377
 9781491962299
 9781590282755
 9781491912058
 9781259587405
 9780262529624
 9781593274078
 9781980953906
 9781435455009
 9781787125933
 9781491985571
 9781977921758
 9781514802168
 9781593278229
 9781593276409
 9781491939369
 9781593275907
 9781465461889
 9788126562176
 9781449369415
 9781537713946
 9781491901427
 9780596158101
 9781593277956
 9781786464392
 9781980820574
 9781491945285
 9781986278577
 9781118891452
 9781546488330
 9781890774974
 9781491933176
 9781783555130
 9781597499576
 9780596516178
 9780439472289
 9780439738613
 9780439472265
 9780321721334
 9781449372651
 9781521367704
 9781452145693
 9780134598628
 9780060560157
 9781250065001
 9781937785499
 9781250065322
 9780545782319
 9780321584106
 9780763654726
 9781781259597
 9781491926017
 9780545017602
 9780062306944
 9781680502510
 9781934356364
 9780545108553
 9780134657677
 9781595146335
 9780321714633
 9781938248016
 9781593275273
 9781416913894
 9780439579155
 9780134456478
 9780590189231
 9780763692377
 9780062467492
 9780152054786
 9780763694524
 9781421597386
 9781929229482
 9781480860742
 9781442485044
 9781424554089
 9781527205321
 9781934583357
 9780312551513
 9780060007942
 9780439661638
 9780142401941
 9781250133380
 9780692095058
