1593276036
1974431479
1449355730
1549776673
1593275994
1491957662
1449357016
1491946008
1617294438
1449359361
1775093301
1530051126
0134034287
1521155488
1491919531
0134692888
1449340377
1491962291
1590282752
1491912057
1259587401
0262529629
1593274076
1980953902
1435455002
1787125939
1491985577
1977921752
1514802163
1593278225
1593276400
1491939362
1593275900
1465461884
812656217X
1449369413
1537713949
149190142X
0596158106
1593277954
178646439X
1980820570
1491945281
1986278573
1118891457
1546488332
1890774979
1491933178
1783555130
1597499579
0596516177
0439472288
043973861X
0439472261
0321721330
1449372651
1521367701
1452145695
0134598628
0060560150
1250065003
1937785491
1250065321
0545782317
0321584104
0763654728
1781259593
1491926015
0545017602
0062306944
1680502514
1934356360
0545108551
0134657675
1595146334
0321714636
1938248015
1593275277
1416913890
0439579155
0134456475
0590189239
0763692379
0062467492
0152054782
0763694525
1421597381
1929229488
1480860743
1442485043
142455408X
1527205320
1934583359
0312551517
006000794X
0439661633
0142401943
1250133386
0692095055
